# tiempo_s  aceleracion_g
0.0000 0.0253
0.0100 0.0213
0.0200 0.0161
0.0300 0.0118
0.0400 0.0096
0.0500 0.0094
0.0600 0.0099
0.0700 0.0099
0.0800 0.0094
0.0900 0.0086
0.1000 0.0084
0.1100 0.0086
0.1200 0.0088
0.1300 0.0087
0.1400 0.0075
0.1500 0.0054
0.1600 0.0036
0.1700 0.0018
0.1800 0.0014
0.1900 0.0005
0.2000 -0.0003
0.2100 -0.0017
0.2200 -0.0024
0.2300 -0.0046
0.2400 -0.0057
0.2500 -0.0061
0.2600 -0.0056
0.2700 -0.0058
0.2800 -0.0064
0.2900 -0.0075
0.3000 -0.0077
0.3100 -0.0115
0.3200 -0.0130
0.3300 -0.0144
0.3400 -0.0138
0.3500 -0.0141
0.3600 -0.0166
0.3700 -0.0186
0.3800 -0.0195
0.3900 -0.0180
0.4000 -0.0179
0.4100 -0.0181
0.4200 -0.0197
0.4300 -0.0179
0.4400 -0.0176
0.4500 -0.0167
0.4600 -0.0144
0.4700 -0.0147
0.4800 -0.0132
0.4900 -0.0149
0.5000 -0.0155
0.5100 -0.0161
0.5200 -0.0221
0.5300 -0.0188
0.5400 -0.0173
0.5500 -0.0149
0.5600 -0.0111
0.5700 -0.0036
0.5800 -0.0097
0.5900 -0.0032
0.6000 -0.0112
0.6100 -0.0052
0.6200 -0.0010
0.6300 0.0036
0.6400 0.0073
0.6500 0.0102
0.6600 0.0071
0.6700 0.0069
0.6800 0.0118
0.6900 0.0061
0.7000 0.0003
0.7100 0.0010
0.7200 0.0034
0.7300 0.0128
0.7400 0.0137
0.7500 0.0188
0.7600 0.0139
0.7700 0.0169
0.7800 0.0185
0.7900 0.0116
0.8000 0.0142
0.8100 0.0054
0.8200 0.0052
0.8300 0.0036
0.8400 -0.0020
0.8500 0.0104
0.8600 0.0064
0.8700 0.0123
0.8800 0.0165
0.8900 0.0142
0.9000 0.0101
0.9100 -0.0046
0.9200 -0.0176
0.9300 -0.0248
0.9400 -0.0454
0.9500 -0.0474
0.9600 -0.0465
0.9700 -0.0405
0.9800 -0.0228
0.9900 -0.0285
1.0000 -0.0179
1.0100 0.0022
1.0200 -0.0121
1.0300 -0.0028
1.0400 -0.0234
1.0500 -0.0202
1.0600 -0.0303
1.0700 -0.0229
1.0800 -0.0069
1.0900 -0.0326
1.1000 -0.0099
1.1100 -0.0176
1.1200 -0.0337
1.1300 -0.0461
1.1400 -0.0215
1.1500 -0.0142
1.1600 0.0128
1.1700 0.0235
1.1800 0.0486
1.1900 0.0221
1.2000 0.0079
1.2100 0.0256
1.2200 0.0347
1.2300 0.0620
1.2400 0.0610
1.2500 0.0501
1.2600 0.0524
1.2700 -0.0052
1.2800 -0.0116
1.2900 -0.0233
1.3000 -0.0160
1.3100 -0.0308
1.3200 0.0019
1.3300 -0.0107
1.3400 -0.0246
1.3500 -0.0011
1.3600 0.0449
1.3700 0.0769
1.3800 0.1093
1.3900 0.1195
1.4000 0.0497
1.4100 -0.0106
1.4200 -0.0634
1.4300 -0.0350
1.4400 -0.0544
1.4500 -0.0319
1.4600 -0.0182
1.4700 0.0002
1.4800 0.0190
1.4900 -0.0184
1.5000 -0.0473
1.5100 -0.0800
1.5200 -0.0915
1.5300 -0.0474
1.5400 -0.0124
1.5500 0.0478
1.5600 0.0153
1.5700 0.0232
1.5800 -0.0296
1.5900 -0.0593
1.6000 -0.0549
1.6100 -0.0380
1.6200 0.0464
1.6300 -0.0171
1.6400 0.0236
1.6500 -0.0266
1.6600 0.0156
1.6700 0.0026
1.6800 -0.0083
1.6900 -0.0074
1.7000 -0.0368
1.7100 -0.0274
1.7200 -0.0694
1.7300 -0.0933
1.7400 -0.0776
1.7500 -0.0059
1.7600 0.0657
1.7700 0.0446
1.7800 0.0429
1.7900 0.0552
1.8000 0.0897
1.8100 0.0677
1.8200 0.0618
1.8300 0.1158
1.8400 0.0886
1.8500 0.1070
1.8600 0.0460
1.8700 -0.0085
1.8800 -0.0091
1.8900 0.1037
1.9000 0.1176
1.9100 0.0537
1.9200 0.0346
1.9300 0.0793
1.9400 -0.0278
1.9500 -0.0303
1.9600 0.0248
1.9700 -0.0046
1.9800 0.0199
1.9900 0.0220
2.0000 0.0411
2.0100 0.0708
2.0200 -0.0001
2.0300 -0.0105
2.0400 -0.1444
2.0500 -0.0973
2.0600 -0.1415
2.0700 -0.1546
2.0800 -0.1286
2.0900 -0.0892
2.1000 -0.0237
2.1100 -0.0913
2.1200 -0.0268
2.1300 -0.0305
2.1400 -0.0056
2.1500 0.0651
2.1600 0.0651
2.1700 0.1009
2.1800 0.0352
2.1900 -0.0092
2.2000 -0.0203
2.2100 -0.0221
2.2200 -0.0228
2.2300 -0.0459
2.2400 0.0330
2.2500 0.0657
2.2600 0.1547
2.2700 0.1064
2.2800 -0.0372
2.2900 -0.0564
2.3000 -0.1231
2.3100 -0.0937
2.3200 -0.0542
2.3300 -0.0227
2.3400 -0.1135
2.3500 -0.1428
2.3600 -0.2303
2.3700 -0.1744
2.3800 -0.2079
2.3900 -0.1765
2.4000 -0.1764
2.4100 -0.1372
2.4200 -0.1869
2.4300 -0.1516
2.4400 0.0243
2.4500 -0.0497
2.4600 0.0068
2.4700 0.1465
2.4800 0.1921
2.4900 0.0286
2.5000 0.0436
2.5100 0.0633
2.5200 0.1185
2.5300 0.0244
2.5400 0.0532
2.5500 0.0812
2.5600 0.0492
2.5700 -0.0031
2.5800 -0.0122
2.5900 -0.0684
2.6000 -0.0263
2.6100 -0.0179
2.6200 0.0191
2.6300 0.0136
2.6400 0.0747
2.6500 0.1085
2.6600 0.0755
2.6700 0.0687
2.6800 0.0399
2.6900 0.0287
2.7000 0.0090
2.7100 0.0689
2.7200 0.0768
2.7300 0.1698
2.7400 0.1415
2.7500 0.0711
2.7600 -0.0033
2.7700 -0.0402
2.7800 0.0355
2.7900 0.0010
2.8000 0.0097
2.8100 -0.0804
2.8200 0.0028
2.8300 -0.0342
2.8400 -0.1061
2.8500 -0.0854
2.8600 -0.0520
2.8700 -0.0515
2.8800 -0.0596
2.8900 -0.0535
2.9000 -0.0634
2.9100 -0.0526
2.9200 -0.0062
2.9300 -0.1596
2.9400 -0.0781
2.9500 -0.0699
2.9600 -0.0701
2.9700 -0.0908
2.9800 -0.1259
2.9900 -0.0219
3.0000 0.0585
3.0100 -0.0421
3.0200 0.0560
3.0300 0.0116
3.0400 0.0229
3.0500 0.0001
3.0600 0.0598
3.0700 0.1688
3.0800 0.1924
3.0900 0.2725
3.1000 0.2657
3.1100 0.2285
3.1200 0.2525
3.1300 0.1757
3.1400 0.1657
3.1500 0.1034
3.1600 0.0975
3.1700 0.0500
3.1800 0.0997
3.1900 0.0201
3.2000 0.1125
3.2100 0.1059
3.2200 0.1787
3.2300 0.1593
3.2400 0.1634
3.2500 0.0669
3.2600 -0.0711
3.2700 -0.0423
3.2800 -0.0807
3.2900 -0.0375
3.3000 0.0505
3.3100 0.0082
3.3200 -0.0717
3.3300 -0.1180
3.3400 -0.0994
3.3500 -0.1446
3.3600 -0.1075
3.3700 -0.0526
3.3800 -0.0116
3.3900 -0.0310
3.4000 -0.1393
3.4100 -0.0378
3.4200 -0.0380
3.4300 -0.0210
3.4400 0.0169
3.4500 -0.1370
3.4600 -0.0988
3.4700 -0.0582
3.4800 -0.1227
3.4900 0.0237
3.5000 0.0191
3.5100 0.0651
3.5200 0.0253
3.5300 0.0758
3.5400 0.0760
3.5500 0.0337
3.5600 0.0243
3.5700 0.0196
3.5800 -0.0248
3.5900 0.0039
3.6000 0.0102
3.6100 0.0398
3.6200 0.0732
3.6300 0.0049
3.6400 0.0439
3.6500 0.1035
3.6600 0.0180
3.6700 0.0149
3.6800 0.0608
3.6900 0.1041
3.7000 0.1029
3.7100 0.1839
3.7200 0.1878
3.7300 0.1875
3.7400 0.1537
3.7500 0.1821
3.7600 0.0500
3.7700 -0.0434
3.7800 0.0764
3.7900 -0.0132
3.8000 -0.0142
3.8100 -0.0035
3.8200 -0.1486
3.8300 -0.1588
3.8400 -0.1722
3.8500 -0.1245
3.8600 -0.0602
3.8700 -0.0557
3.8800 -0.0850
3.8900 -0.1767
3.9000 -0.2257
3.9100 -0.1242
3.9200 -0.1022
3.9300 -0.0149
3.9400 0.0356
3.9500 0.0317
3.9600 0.0489
3.9700 0.0122
3.9800 0.0083
3.9900 -0.0449
4.0000 -0.0263
4.0100 -0.0116
4.0200 0.0116
4.0300 -0.0346
4.0400 -0.0033
4.0500 -0.0416
4.0600 -0.0568
4.0700 -0.0554
4.0800 -0.2009
4.0900 -0.2070
4.1000 -0.2230
4.1100 -0.2337
4.1200 -0.1256
4.1300 -0.0139
4.1400 0.0036
4.1500 0.0652
4.1600 0.1256
4.1700 0.1447
4.1800 0.0853
4.1900 0.1135
4.2000 0.0283
4.2100 -0.0479
4.2200 -0.0691
4.2300 -0.1098
4.2400 -0.0713
4.2500 -0.0224
4.2600 0.0449
4.2700 0.0841
4.2800 -0.0476
4.2900 -0.0082
4.3000 -0.0841
4.3100 -0.0361
4.3200 -0.0544
4.3300 -0.1098
4.3400 -0.0046
4.3500 -0.0669
4.3600 -0.0712
4.3700 -0.0918
4.3800 -0.0672
4.3900 -0.0118
4.4000 -0.0218
4.4100 0.0028
4.4200 0.0027
4.4300 0.0368
4.4400 -0.0207
4.4500 -0.0504
4.4600 0.0620
4.4700 0.0284
4.4800 0.1000
4.4900 0.0910
4.5000 0.0918
4.5100 0.1281
4.5200 0.1972
4.5300 0.1954
4.5400 0.0974
4.5500 0.0687
4.5600 0.0729
4.5700 -0.0196
4.5800 0.0091
4.5900 -0.0245
4.6000 -0.0458
4.6100 -0.1335
4.6200 -0.2019
4.6300 -0.2353
4.6400 -0.1792
4.6500 -0.1050
4.6600 -0.0416
4.6700 0.0826
4.6800 0.0653
4.6900 -0.0197
4.7000 0.0164
4.7100 -0.0144
4.7200 0.0003
4.7300 0.0325
4.7400 0.0581
4.7500 0.0242
4.7600 0.0788
4.7700 0.0094
4.7800 0.0781
4.7900 0.2040
4.8000 0.1319
4.8100 0.1692
4.8200 0.0898
4.8300 0.0717
4.8400 0.0218
4.8500 0.0098
4.8600 -0.0064
4.8700 0.0481
4.8800 0.0042
4.8900 0.0581
4.9000 0.0691
4.9100 0.0379
4.9200 0.0053
4.9300 0.0133
4.9400 -0.0489
4.9500 -0.0432
4.9600 -0.1785
4.9700 -0.1340
4.9800 -0.1852
4.9900 -0.1479
5.0000 -0.0317
5.0100 -0.0578
5.0200 -0.1380
5.0300 -0.1803
5.0400 -0.2245
5.0500 -0.0987
5.0600 0.0580
5.0700 0.0193
5.0800 -0.0075
5.0900 0.0191
5.1000 -0.0724
5.1100 -0.0265
5.1200 0.0099
5.1300 0.0395
5.1400 0.1063
5.1500 0.1070
5.1600 0.1171
5.1700 0.0542
5.1800 0.1038
5.1900 0.1317
5.2000 0.0438
5.2100 0.0570
5.2200 0.1450
5.2300 0.0887
5.2400 0.1489
5.2500 0.0852
5.2600 0.1633
5.2700 0.1160
5.2800 0.1095
5.2900 0.1317
5.3000 0.0248
5.3100 -0.0287
5.3200 -0.0295
5.3300 -0.0010
5.3400 -0.0754
5.3500 0.0015
5.3600 -0.0614
5.3700 -0.0300
5.3800 -0.1950
5.3900 -0.1562
5.4000 -0.1896
5.4100 -0.1366
5.4200 -0.0640
5.4300 -0.0478
5.4400 -0.0275
5.4500 -0.0113
5.4600 0.0095
5.4700 -0.0263
5.4800 0.0531
5.4900 0.0716
5.5000 0.0802
5.5100 0.0971
5.5200 0.0846
5.5300 0.1324
5.5400 0.0250
5.5500 -0.0178
5.5600 -0.0689
5.5700 -0.1066
5.5800 -0.1283
5.5900 -0.1115
5.6000 -0.0607
5.6100 -0.0149
5.6200 0.0056
5.6300 -0.0030
5.6400 0.0674
5.6500 0.0587
5.6600 0.0181
5.6700 -0.0060
5.6800 0.0353
5.6900 0.0170
5.7000 -0.0539
5.7100 -0.0161
5.7200 -0.0140
5.7300 -0.0555
5.7400 0.0013
5.7500 -0.0371
5.7600 0.0814
5.7700 0.0713
5.7800 -0.0136
5.7900 -0.0286
5.8000 -0.1583
5.8100 -0.1114
5.8200 -0.0523
5.8300 -0.0421
5.8400 0.0561
5.8500 0.1158
5.8600 -0.0087
5.8700 -0.0087
5.8800 0.0236
5.8900 0.0743
5.9000 -0.0326
5.9100 0.0102
5.9200 0.0434
5.9300 -0.1165
5.9400 -0.1244
5.9500 -0.0958
5.9600 -0.0862
5.9700 -0.0184
5.9800 -0.0294
5.9900 -0.1069
6.0000 -0.0305
6.0100 -0.0759
6.0200 -0.0001
6.0300 -0.0551
6.0400 -0.0405
6.0500 0.0076
6.0600 0.0066
6.0700 -0.0225
6.0800 -0.1190
6.0900 -0.0472
6.1000 -0.1114
6.1100 -0.0681
6.1200 -0.1342
6.1300 -0.0662
6.1400 -0.1063
6.1500 -0.1056
6.1600 -0.0032
6.1700 0.0089
6.1800 0.0001
6.1900 0.0894
6.2000 0.0224
6.2100 0.0388
6.2200 0.0446
6.2300 0.0062
6.2400 0.0378
6.2500 -0.0115
6.2600 -0.0165
6.2700 0.0485
6.2800 -0.0316
6.2900 -0.0676
6.3000 0.0933
6.3100 0.1266
6.3200 0.0007
6.3300 -0.0789
6.3400 -0.0362
6.3500 -0.0401
6.3600 -0.0270
6.3700 -0.0424
6.3800 0.0427
6.3900 0.0617
6.4000 0.0049
6.4100 0.1005
6.4200 0.1562
6.4300 0.0780
6.4400 0.0373
6.4500 0.0167
6.4600 0.0237
6.4700 -0.0669
6.4800 0.0206
6.4900 0.0273
6.5000 0.1330
6.5100 0.0630
6.5200 0.1189
6.5300 -0.0068
6.5400 0.0355
6.5500 0.0125
6.5600 -0.0393
6.5700 -0.0095
6.5800 0.0128
6.5900 -0.0677
6.6000 -0.1444
6.6100 -0.1053
6.6200 -0.1571
6.6300 -0.1513
6.6400 -0.1535
6.6500 -0.2211
6.6600 -0.2167
6.6700 -0.1270
6.6800 -0.1436
6.6900 -0.1940
6.7000 -0.0430
6.7100 -0.0372
6.7200 -0.0487
6.7300 -0.0432
6.7400 0.0682
6.7500 0.0811
6.7600 0.1823
6.7700 0.1248
6.7800 0.1280
6.7900 0.1027
6.8000 0.1289
6.8100 0.1085
6.8200 0.1178
6.8300 0.0384
6.8400 0.0303
6.8500 0.0211
6.8600 0.0651
6.8700 0.0905
6.8800 0.0150
6.8900 0.0070
6.9000 0.0145
6.9100 -0.0385
6.9200 -0.0350
6.9300 -0.1975
6.9400 -0.1801
6.9500 -0.1980
6.9600 -0.2540
6.9700 -0.1835
6.9800 -0.1512
6.9900 -0.0945
7.0000 -0.0244
7.0100 -0.0656
7.0200 -0.0938
7.0300 -0.0585
7.0400 -0.0153
7.0500 -0.0844
7.0600 -0.0727
7.0700 -0.0082
7.0800 -0.0288
7.0900 0.0088
7.1000 -0.0170
7.1100 -0.0014
7.1200 -0.0885
7.1300 -0.0798
7.1400 -0.1140
7.1500 -0.1650
7.1600 -0.1736
7.1700 -0.0726
7.1800 -0.0941
7.1900 -0.1142
7.2000 -0.0896
7.2100 -0.0593
7.2200 -0.1919
7.2300 -0.1483
7.2400 -0.0953
7.2500 0.0283
7.2600 0.0056
7.2700 0.0246
7.2800 -0.0584
7.2900 -0.0659
7.3000 0.0014
7.3100 0.0138
7.3200 0.0642
7.3300 0.0574
7.3400 0.0746
7.3500 0.0532
7.3600 0.0558
7.3700 0.0451
7.3800 -0.0453
7.3900 -0.0635
7.4000 0.0598
7.4100 0.0639
7.4200 -0.0196
7.4300 -0.0416
7.4400 0.0537
7.4500 0.1110
7.4600 0.1589
7.4700 0.1054
7.4800 0.0486
7.4900 0.0038
7.5000 0.0303
7.5100 0.0391
7.5200 0.0529
7.5300 0.2072
7.5400 0.2167
7.5500 0.1834
7.5600 0.0786
7.5700 0.1171
7.5800 0.0984
7.5900 0.1005
7.6000 0.1487
7.6100 0.1340
7.6200 0.1232
7.6300 0.0822
7.6400 0.0255
7.6500 -0.0885
7.6600 -0.0283
7.6700 -0.0339
7.6800 -0.0249
7.6900 0.1229
7.7000 0.1496
7.7100 0.1422
7.7200 0.0913
7.7300 0.1133
7.7400 0.0415
7.7500 0.0263
7.7600 -0.0440
7.7700 -0.0077
7.7800 -0.0309
7.7900 -0.0762
7.8000 -0.0051
7.8100 0.0304
7.8200 0.1339
7.8300 0.1143
7.8400 0.0680
7.8500 0.0425
7.8600 -0.0034
7.8700 -0.0377
7.8800 -0.0755
7.8900 -0.0318
7.9000 -0.0436
7.9100 -0.0589
7.9200 0.0057
7.9300 0.0060
7.9400 -0.0558
7.9500 0.0379
7.9600 0.1105
7.9700 0.1273
7.9800 0.1175
7.9900 0.0575
8.0000 0.0043
8.0100 -0.0069
8.0200 0.0637
8.0300 0.0892
8.0400 0.1352
8.0500 0.1168
8.0600 0.0384
8.0700 -0.0415
8.0800 -0.0351
8.0900 -0.0253
8.1000 -0.0381
8.1100 -0.0482
8.1200 -0.0218
8.1300 -0.0632
8.1400 -0.0815
8.1500 -0.0520
8.1600 -0.0742
8.1700 -0.0433
8.1800 -0.0450
8.1900 -0.1176
8.2000 -0.1277
8.2100 -0.0937
8.2200 -0.2168
8.2300 -0.2586
8.2400 -0.2367
8.2500 -0.1441
8.2600 -0.1223
8.2700 -0.1125
8.2800 -0.0540
8.2900 -0.1934
8.3000 -0.0744
8.3100 -0.0267
8.3200 -0.1227
8.3300 -0.0881
8.3400 -0.0873
8.3500 -0.0642
8.3600 -0.0004
8.3700 0.1143
8.3800 0.1726
8.3900 0.1170
8.4000 0.2053
8.4100 0.1275
8.4200 0.1842
8.4300 0.1195
8.4400 0.1443
8.4500 0.1725
8.4600 0.2867
8.4700 0.1916
8.4800 0.1090
8.4900 0.1407
8.5000 0.0650
8.5100 0.0447
8.5200 0.0903
8.5300 0.0541
8.5400 0.0564
8.5500 0.0332
8.5600 0.0261
8.5700 0.0073
8.5800 -0.1021
8.5900 -0.0220
8.6000 -0.0922
8.6100 -0.1083
8.6200 -0.0475
8.6300 -0.0305
8.6400 -0.0529
8.6500 0.0007
8.6600 -0.0912
8.6700 -0.0674
8.6800 -0.0770
8.6900 -0.0498
8.7000 -0.0272
8.7100 -0.0725
8.7200 -0.0205
8.7300 -0.0695
8.7400 -0.1653
8.7500 -0.1745
8.7600 -0.0870
8.7700 -0.0659
8.7800 -0.0353
8.7900 -0.0232
8.8000 -0.0236
8.8100 -0.0157
8.8200 -0.1063
8.8300 -0.1099
8.8400 -0.1009
8.8500 -0.0497
8.8600 -0.0319
8.8700 -0.1291
8.8800 -0.2442
8.8900 -0.2366
8.9000 -0.1977
8.9100 -0.1538
8.9200 -0.1012
8.9300 -0.0430
8.9400 -0.0330
8.9500 0.0201
8.9600 -0.0547
8.9700 -0.0730
8.9800 -0.0250
8.9900 -0.0881
9.0000 0.0079
9.0100 0.0276
9.0200 0.0460
9.0300 0.1271
9.0400 0.0437
9.0500 0.1244
9.0600 0.0077
9.0700 -0.0648
9.0800 -0.0382
9.0900 -0.0873
9.1000 -0.0633
9.1100 0.0051
9.1200 0.0428
9.1300 0.0296
9.1400 0.1128
9.1500 0.1294
9.1600 0.1327
9.1700 0.0729
9.1800 0.0642
9.1900 -0.0980
9.2000 -0.0666
9.2100 -0.0878
9.2200 -0.0254
9.2300 -0.0123
9.2400 0.0350
9.2500 0.1217
9.2600 0.0322
9.2700 0.0307
9.2800 -0.0079
9.2900 0.0109
9.3000 0.0362
9.3100 0.0875
9.3200 0.1387
9.3300 0.1612
9.3400 0.0982
9.3500 0.0892
9.3600 0.0106
9.3700 0.0477
9.3800 0.0922
9.3900 0.0974
9.4000 0.0767
9.4100 0.0980
9.4200 0.0709
9.4300 0.0745
9.4400 0.0047
9.4500 -0.0687
9.4600 -0.1003
9.4700 -0.2752
9.4800 -0.1859
9.4900 -0.3410
9.5000 -0.2450
9.5100 -0.1205
9.5200 -0.0713
9.5300 -0.0905
9.5400 -0.0415
9.5500 0.0618
9.5600 0.0160
9.5700 0.1390
9.5800 0.0703
9.5900 0.0879
9.6000 0.1198
9.6100 0.0384
9.6200 -0.0354
9.6300 -0.0311
9.6400 -0.0486
9.6500 -0.1071
9.6600 -0.0636
9.6700 -0.0704
9.6800 0.0088
9.6900 -0.0062
9.7000 -0.0040
9.7100 0.0090
9.7200 0.0201
9.7300 0.0292
9.7400 -0.0365
9.7500 -0.0413
9.7600 0.0367
9.7700 -0.0233
9.7800 -0.0663
9.7900 -0.0012
9.8000 0.0024
9.8100 -0.0591
9.8200 0.0259
9.8300 0.0622
9.8400 0.0562
9.8500 0.0625
9.8600 -0.0181
9.8700 0.0537
9.8800 0.0578
9.8900 0.0956
9.9000 0.1923
9.9100 0.2448
9.9200 0.2598
9.9300 0.2217
9.9400 0.1379
9.9500 0.1282
9.9600 0.1271
9.9700 0.0938
9.9800 0.0844
9.9900 0.0948
10.0000 0.0418
10.0100 -0.0018
10.0200 -0.0015
10.0300 0.0345
10.0400 0.0132
10.0500 0.0280
10.0600 0.0391
10.0700 -0.0046
10.0800 0.0281
10.0900 0.0007
10.1000 -0.0778
10.1100 -0.0051
10.1200 -0.1053
10.1300 -0.1740
10.1400 -0.1688
10.1500 -0.1702
10.1600 -0.1172
10.1700 -0.1019
10.1800 -0.0704
10.1900 -0.0048
10.2000 0.0036
10.2100 0.0020
10.2200 -0.0151
10.2300 -0.0399
10.2400 -0.1669
10.2500 -0.1148
10.2600 -0.1643
10.2700 -0.0475
10.2800 -0.0045
10.2900 0.0673
10.3000 0.0858
10.3100 0.0445
10.3200 0.0039
10.3300 0.0265
10.3400 -0.0109
10.3500 0.0172
10.3600 0.0674
10.3700 0.0282
10.3800 0.0876
10.3900 0.0886
10.4000 0.0294
10.4100 0.0867
10.4200 0.0585
10.4300 0.0144
10.4400 -0.0374
10.4500 -0.0546
10.4600 -0.0472
10.4700 -0.0060
10.4800 -0.0520
10.4900 0.0012
10.5000 -0.0526
10.5100 -0.0094
10.5200 0.0138
10.5300 0.1095
10.5400 -0.0095
10.5500 0.0925
10.5600 0.0428
10.5700 0.0447
10.5800 0.0318
10.5900 0.0464
10.6000 0.0307
10.6100 0.0818
10.6200 -0.0016
10.6300 0.0220
10.6400 -0.0685
10.6500 -0.0656
10.6600 -0.0977
10.6700 -0.0328
10.6800 0.0094
10.6900 -0.0513
10.7000 -0.0840
10.7100 -0.1487
10.7200 -0.1370
10.7300 -0.1693
10.7400 -0.1029
10.7500 -0.0072
10.7600 0.0785
10.7700 0.1534
10.7800 0.0406
10.7900 0.0919
10.8000 0.0338
10.8100 0.0051
10.8200 0.0102
10.8300 -0.0197
10.8400 -0.0400
10.8500 -0.0769
10.8600 -0.1180
10.8700 -0.1146
10.8800 -0.0209
10.8900 -0.0246
10.9000 -0.0122
10.9100 0.0241
10.9200 0.0651
10.9300 0.0664
10.9400 0.0693
10.9500 0.1647
10.9600 0.2063
10.9700 0.1899
10.9800 0.2094
10.9900 0.2094
11.0000 0.1878
11.0100 0.1462
11.0200 0.1151
11.0300 0.0798
11.0400 -0.0000
11.0500 0.0414
11.0600 -0.0232
11.0700 0.0086
11.0800 0.0921
11.0900 0.0860
11.1000 0.1006
11.1100 0.0279
11.1200 -0.0186
11.1300 0.0002
11.1400 0.0142
11.1500 0.0254
11.1600 0.0691
11.1700 0.0216
11.1800 0.0278
11.1900 -0.0414
11.2000 -0.0250
11.2100 -0.0576
11.2200 -0.0834
11.2300 -0.0554
11.2400 -0.0359
11.2500 -0.0260
11.2600 0.0365
11.2700 -0.0345
11.2800 -0.0571
11.2900 -0.1256
11.3000 -0.0848
11.3100 -0.0453
11.3200 -0.0286
11.3300 0.0634
11.3400 0.0361
11.3500 0.0882
11.3600 0.0484
11.3700 0.0373
11.3800 0.0167
11.3900 -0.0033
11.4000 0.0227
11.4100 -0.1209
11.4200 -0.1188
11.4300 -0.0611
11.4400 -0.0102
11.4500 0.0541
11.4600 0.0864
11.4700 0.0821
11.4800 0.1251
11.4900 0.1133
11.5000 0.0738
11.5100 0.0881
11.5200 0.0648
11.5300 0.0377
11.5400 0.0664
11.5500 0.0313
11.5600 0.0025
11.5700 0.0165
11.5800 -0.1283
11.5900 -0.1247
11.6000 -0.1395
11.6100 -0.1275
11.6200 -0.1218
11.6300 -0.1387
11.6400 -0.0903
11.6500 -0.0507
11.6600 0.0705
11.6700 0.0539
11.6800 -0.0318
11.6900 -0.0675
11.7000 -0.1283
11.7100 -0.1762
11.7200 -0.1327
11.7300 -0.1516
11.7400 -0.1126
11.7500 -0.1445
11.7600 -0.1124
11.7700 -0.0796
11.7800 -0.0645
11.7900 -0.0517
11.8000 -0.0908
11.8100 -0.0240
11.8200 -0.0723
11.8300 -0.0349
11.8400 -0.0502
11.8500 -0.0742
11.8600 -0.0182
11.8700 0.0317
11.8800 0.0650
11.8900 0.0600
11.9000 0.1131
11.9100 0.0991
11.9200 0.0631
11.9300 0.0892
11.9400 0.1153
11.9500 0.1006
11.9600 -0.0114
11.9700 -0.0284
11.9800 0.0186
11.9900 -0.0610
12.0000 -0.0683
12.0100 -0.0422
12.0200 -0.0173
12.0300 -0.0360
12.0400 -0.0552
12.0500 -0.0529
12.0600 -0.0404
12.0700 -0.0242
12.0800 0.0807
12.0900 0.0323
12.1000 0.0342
12.1100 -0.0367
12.1200 -0.0740
12.1300 -0.1342
12.1400 -0.2211
12.1500 -0.2005
12.1600 -0.2012
12.1700 -0.1794
12.1800 -0.1028
12.1900 0.0157
12.2000 0.0206
12.2100 0.0809
12.2200 0.0641
12.2300 0.0686
12.2400 0.0145
12.2500 0.0464
12.2600 0.0509
12.2700 0.0174
12.2800 0.0454
12.2900 0.0367
12.3000 -0.0082
12.3100 -0.0403
12.3200 -0.0540
12.3300 -0.0217
12.3400 -0.0035
12.3500 -0.0099
12.3600 0.0398
12.3700 0.0812
12.3800 0.1032
12.3900 0.1396
12.4000 0.1355
12.4100 0.0706
12.4200 0.1258
12.4300 0.0455
12.4400 0.0568
12.4500 0.0013
12.4600 -0.0340
12.4700 -0.0786
12.4800 -0.0293
12.4900 -0.0477
12.5000 0.0343
12.5100 0.0566
12.5200 -0.0048
12.5300 0.0163
12.5400 -0.0115
12.5500 0.0010
12.5600 0.0569
12.5700 0.0585
12.5800 0.1181
12.5900 0.0634
12.6000 0.0902
12.6100 0.0505
12.6200 0.0505
12.6300 0.0048
12.6400 0.0058
12.6500 0.0029
12.6600 -0.0064
12.6700 0.0502
12.6800 0.0747
12.6900 0.0947
12.7000 0.1268
12.7100 0.1165
12.7200 0.0510
12.7300 0.0480
12.7400 0.0108
12.7500 0.0263
12.7600 0.0176
12.7700 0.0767
12.7800 0.0409
12.7900 0.0116
12.8000 0.0261
12.8100 -0.0739
12.8200 -0.0797
12.8300 -0.0106
12.8400 -0.0189
12.8500 0.0016
12.8600 -0.0188
12.8700 0.0274
12.8800 0.0826
12.8900 0.0483
12.9000 0.0158
12.9100 -0.0212
12.9200 -0.0410
12.9300 -0.0972
12.9400 -0.0480
12.9500 -0.0393
12.9600 -0.1039
12.9700 -0.0909
12.9800 -0.1108
12.9900 -0.1090
13.0000 -0.0803
13.0100 -0.1215
13.0200 -0.0487
13.0300 -0.0424
13.0400 -0.0703
13.0500 -0.1315
13.0600 -0.1049
13.0700 -0.0564
13.0800 -0.1482
13.0900 -0.0826
13.1000 -0.0882
13.1100 -0.0239
13.1200 -0.0382
13.1300 0.0068
13.1400 0.0257
13.1500 0.0621
13.1600 0.0114
13.1700 0.0128
13.1800 -0.0469
13.1900 -0.0010
13.2000 -0.0568
13.2100 -0.0556
13.2200 -0.0397
13.2300 -0.0675
13.2400 -0.0190
13.2500 0.0012
13.2600 -0.0174
13.2700 -0.0691
13.2800 -0.0457
13.2900 -0.0311
13.3000 -0.0853
13.3100 -0.0493
13.3200 0.0222
13.3300 0.0391
13.3400 0.0690
13.3500 0.1188
13.3600 0.0930
13.3700 0.0921
13.3800 0.1248
13.3900 0.0412
13.4000 0.0098
13.4100 0.0230
13.4200 0.0170
13.4300 -0.0015
13.4400 -0.0027
13.4500 0.0825
13.4600 0.0434
13.4700 0.0151
13.4800 0.0383
13.4900 0.0006
13.5000 -0.0118
13.5100 0.0073
13.5200 -0.0236
13.5300 0.0244
13.5400 0.0652
13.5500 0.0306
13.5600 0.0012
13.5700 -0.0156
13.5800 -0.0252
13.5900 -0.0286
13.6000 -0.0337
13.6100 -0.0055
13.6200 -0.0610
13.6300 -0.0003
13.6400 -0.0185
13.6500 0.0106
13.6600 -0.0076
13.6700 0.0563
13.6800 0.0579
13.6900 0.0460
13.7000 -0.0199
13.7100 0.0154
13.7200 -0.0041
13.7300 -0.0485
13.7400 -0.0066
13.7500 0.0161
13.7600 0.0342
13.7700 0.0325
13.7800 0.0288
13.7900 0.0356
13.8000 0.0057
13.8100 -0.1030
13.8200 -0.0624
13.8300 -0.0596
13.8400 -0.0833
13.8500 -0.0311
13.8600 0.0041
13.8700 -0.0391
13.8800 -0.0088
13.8900 -0.0359
13.9000 -0.0304
13.9100 0.0179
13.9200 -0.0173
13.9300 0.0114
13.9400 -0.0291
13.9500 0.0538
13.9600 0.0310
13.9700 0.0143
13.9800 0.0252
13.9900 -0.0238
14.0000 0.0195
14.0100 -0.0194
14.0200 -0.0202
14.0300 -0.0225
14.0400 -0.0141
14.0500 0.0261
14.0600 0.0318
14.0700 0.0507
14.0800 0.0423
14.0900 0.0522
14.1000 0.0305
14.1100 0.0825
14.1200 0.0097
14.1300 0.0748
14.1400 0.0868
14.1500 0.0494
14.1600 0.1117
14.1700 0.0807
14.1800 0.0690
14.1900 0.0377
14.2000 0.0222
14.2100 0.0159
14.2200 0.0260
14.2300 0.0486
14.2400 0.0300
14.2500 0.0139
14.2600 0.0496
14.2700 0.0454
14.2800 0.0252
14.2900 0.0049
14.3000 -0.0395
14.3100 -0.0739
14.3200 -0.0879
14.3300 -0.1110
14.3400 -0.0776
14.3500 -0.0840
14.3600 -0.0894
14.3700 -0.1343
14.3800 -0.0941
14.3900 -0.0369
14.4000 -0.0554
14.4100 -0.0163
14.4200 -0.0285
14.4300 0.0477
14.4400 0.0373
14.4500 0.0606
14.4600 0.1067
14.4700 0.0896
14.4800 0.0460
14.4900 0.0283
14.5000 0.0233
14.5100 0.0359
14.5200 0.0303
14.5300 0.0390
14.5400 0.0925
14.5500 0.0794
14.5600 0.1345
14.5700 0.0928
14.5800 0.1151
14.5900 0.0735
14.6000 0.0700
14.6100 0.0271
14.6200 0.0166
14.6300 0.0326
14.6400 0.0298
14.6500 -0.0058
14.6600 -0.0502
14.6700 -0.0670
14.6800 -0.0740
14.6900 -0.0756
14.7000 -0.0298
14.7100 0.0008
14.7200 -0.0114
14.7300 -0.0466
14.7400 -0.0023
14.7500 0.0079
14.7600 0.0621
14.7700 0.0105
14.7800 0.0395
14.7900 0.0815
14.8000 0.0574
14.8100 0.0546
14.8200 0.0396
14.8300 0.0348
14.8400 0.0328
14.8500 -0.0058
14.8600 0.0165
14.8700 -0.0288
14.8800 -0.0012
14.8900 -0.0074
14.9000 -0.0281
14.9100 -0.0262
14.9200 -0.0447
14.9300 -0.0560
14.9400 -0.0411
14.9500 -0.0500
14.9600 -0.0223
14.9700 -0.0498
14.9800 -0.0198
14.9900 -0.0527
15.0000 -0.0344
15.0100 -0.0230
15.0200 0.0227
15.0300 0.0096
15.0400 -0.0036
15.0500 0.0025
15.0600 -0.0438
15.0700 0.0011
15.0800 0.0516
15.0900 0.0304
15.1000 0.0275
15.1100 0.0191
15.1200 0.0007
15.1300 -0.0697
15.1400 -0.0725
15.1500 -0.0368
15.1600 -0.0475
15.1700 -0.0154
15.1800 -0.0579
15.1900 -0.1061
15.2000 -0.1094
15.2100 -0.1337
15.2200 -0.0731
15.2300 -0.0459
15.2400 -0.0268
15.2500 0.0100
15.2600 0.0111
15.2700 -0.0185
15.2800 -0.0549
15.2900 -0.0042
15.3000 0.0048
15.3100 0.0103
15.3200 0.0249
15.3300 -0.0157
15.3400 0.0279
15.3500 -0.0307
15.3600 -0.0062
15.3700 -0.0443
15.3800 -0.0244
15.3900 0.0250
15.4000 0.0025
15.4100 0.0237
15.4200 0.0119
15.4300 -0.0001
15.4400 0.0146
15.4500 -0.0223
15.4600 -0.0572
15.4700 -0.0484
15.4800 -0.0314
15.4900 -0.0386
15.5000 -0.0762
15.5100 -0.0692
15.5200 -0.0735
15.5300 -0.0736
15.5400 -0.0879
15.5500 -0.0673
15.5600 -0.0559
15.5700 -0.0181
15.5800 -0.0080
15.5900 -0.0210
15.6000 -0.0300
15.6100 -0.0313
15.6200 -0.0572
15.6300 -0.0697
15.6400 -0.0682
15.6500 -0.0602
15.6600 -0.0629
15.6700 -0.0361
15.6800 -0.0232
15.6900 -0.0580
15.7000 -0.0317
15.7100 -0.0354
15.7200 -0.0268
15.7300 -0.0336
15.7400 -0.0580
15.7500 -0.0556
15.7600 -0.0325
15.7700 -0.0092
15.7800 -0.0486
15.7900 0.0024
15.8000 0.0210
15.8100 -0.0035
15.8200 -0.0043
15.8300 -0.0390
15.8400 -0.0424
15.8500 -0.0712
15.8600 -0.0808
15.8700 -0.0249
15.8800 -0.0501
15.8900 -0.0397
15.9000 -0.0521
15.9100 -0.0470
15.9200 -0.0160
15.9300 -0.0067
15.9400 0.0298
15.9500 0.0470
15.9600 0.0546
15.9700 0.0569
15.9800 0.0777
15.9900 0.0379
16.0000 0.0545
16.0100 0.0735
16.0200 0.0747
16.0300 0.0316
16.0400 0.0453
16.0500 0.0688
16.0600 0.0559
16.0700 0.0508
16.0800 0.0415
16.0900 0.0330
16.1000 0.0367
16.1100 0.0261
16.1200 0.0330
16.1300 0.0437
16.1400 0.0416
16.1500 0.0637
16.1600 0.0958
16.1700 0.0182
16.1800 0.0410
16.1900 0.0214
16.2000 0.0432
16.2100 0.0407
16.2200 0.0555
16.2300 0.0620
16.2400 0.0443
16.2500 0.0528
16.2600 -0.0024
16.2700 0.0516
16.2800 0.0311
16.2900 0.0378
16.3000 -0.0001
16.3100 0.0009
16.3200 0.0118
16.3300 0.0085
16.3400 0.0136
16.3500 0.0258
16.3600 -0.0168
16.3700 0.0169
16.3800 -0.0060
16.3900 -0.0196
16.4000 -0.0466
16.4100 -0.0225
16.4200 -0.0619
16.4300 -0.0109
16.4400 -0.0313
16.4500 -0.0003
16.4600 0.0033
16.4700 0.0248
16.4800 0.0078
16.4900 0.0031
16.5000 0.0090
16.5100 0.0362
16.5200 0.0249
16.5300 0.0076
16.5400 0.0037
16.5500 -0.0188
16.5600 0.0096
16.5700 -0.0134
16.5800 0.0318
16.5900 0.0330
16.6000 0.0710
16.6100 0.0254
16.6200 0.0390
16.6300 0.0637
16.6400 0.0532
16.6500 0.0239
16.6600 0.0304
16.6700 0.0180
16.6800 0.0099
16.6900 -0.0161
16.7000 -0.0185
16.7100 -0.0460
16.7200 -0.0247
16.7300 -0.0191
16.7400 -0.0257
16.7500 -0.0435
16.7600 -0.0111
16.7700 -0.0263
16.7800 -0.0499
16.7900 -0.0517
16.8000 -0.0716
16.8100 -0.0634
16.8200 -0.0506
16.8300 -0.0192
16.8400 -0.0374
16.8500 -0.0164
16.8600 -0.0317
16.8700 -0.0244
16.8800 -0.0362
16.8900 -0.0325
16.9000 -0.0623
16.9100 -0.0855
16.9200 -0.0870
16.9300 -0.0722
16.9400 -0.0709
16.9500 -0.0354
16.9600 -0.0362
16.9700 0.0045
16.9800 -0.0538
16.9900 -0.0370
17.0000 -0.0614
17.0100 -0.0537
17.0200 -0.0380
17.0300 -0.0566
17.0400 -0.0085
17.0500 0.0249
17.0600 0.0003
17.0700 0.0087
17.0800 0.0123
17.0900 -0.0121
17.1000 -0.0261
17.1100 -0.0531
17.1200 -0.0157
17.1300 -0.0203
17.1400 -0.0238
17.1500 -0.0016
17.1600 -0.0059
17.1700 -0.0040
17.1800 0.0100
17.1900 -0.0140
17.2000 0.0199
17.2100 -0.0046
17.2200 0.0115
17.2300 0.0485
17.2400 0.0385
17.2500 0.0216
17.2600 0.0022
17.2700 0.0001
17.2800 0.0005
17.2900 -0.0066
17.3000 -0.0142
17.3100 -0.0181
17.3200 -0.0230
17.3300 -0.0385
17.3400 -0.0256
17.3500 -0.0060
17.3600 -0.0324
17.3700 -0.0160
17.3800 -0.0211
17.3900 -0.0061
17.4000 -0.0088
17.4100 0.0152
17.4200 0.0007
17.4300 -0.0271
17.4400 -0.0084
17.4500 -0.0286
17.4600 -0.0246
17.4700 -0.0100
17.4800 -0.0173
17.4900 -0.0014
17.5000 -0.0248
17.5100 -0.0241
17.5200 -0.0194
17.5300 -0.0059
17.5400 0.0302
17.5500 0.0376
17.5600 0.0549
17.5700 0.0550
17.5800 0.0009
17.5900 -0.0032
17.6000 -0.0328
17.6100 -0.0372
17.6200 -0.0385
17.6300 -0.0416
17.6400 -0.0357
17.6500 -0.0166
17.6600 -0.0193
17.6700 0.0153
17.6800 0.0038
17.6900 0.0545
17.7000 0.0199
17.7100 0.0268
17.7200 0.0093
17.7300 0.0418
17.7400 0.0324
17.7500 0.0210
17.7600 0.0008
17.7700 0.0176
17.7800 -0.0009
17.7900 0.0233
17.8000 0.0079
17.8100 -0.0077
17.8200 -0.0405
17.8300 -0.0216
17.8400 0.0046
17.8500 0.0190
17.8600 0.0229
17.8700 -0.0093
17.8800 0.0051
17.8900 0.0032
17.9000 -0.0363
17.9100 -0.0232
17.9200 -0.0228
17.9300 -0.0311
17.9400 -0.0509
17.9500 -0.0359
17.9600 -0.0366
17.9700 -0.0320
17.9800 -0.0314
17.9900 -0.0244
18.0000 -0.0167
18.0100 -0.0119
18.0200 -0.0232
18.0300 -0.0265
18.0400 -0.0196
18.0500 -0.0370
18.0600 -0.0042
18.0700 -0.0061
18.0800 -0.0074
18.0900 -0.0032
18.1000 -0.0420
18.1100 -0.0446
18.1200 -0.0153
18.1300 -0.0076
18.1400 0.0074
18.1500 0.0113
18.1600 0.0293
18.1700 0.0329
18.1800 0.0264
18.1900 0.0174
18.2000 -0.0010
18.2100 0.0343
18.2200 0.0439
18.2300 0.0414
18.2400 0.0274
18.2500 0.0455
18.2600 0.0478
18.2700 0.0543
18.2800 0.0250
18.2900 0.0272
18.3000 0.0324
18.3100 0.0213
18.3200 0.0080
18.3300 0.0266
18.3400 0.0316
18.3500 0.0283
18.3600 0.0285
18.3700 0.0194
18.3800 0.0322
18.3900 0.0011
18.4000 -0.0015
18.4100 -0.0020
18.4200 -0.0008
18.4300 -0.0343
18.4400 -0.0387
18.4500 -0.0480
18.4600 -0.0223
18.4700 -0.0259
18.4800 -0.0090
18.4900 0.0086
18.5000 -0.0022
18.5100 0.0069
18.5200 0.0015
18.5300 0.0139
18.5400 0.0163
18.5500 0.0089
18.5600 0.0167
18.5700 0.0286
18.5800 0.0199
18.5900 0.0008
18.6000 0.0243
18.6100 0.0112
18.6200 0.0413
18.6300 0.0388
18.6400 0.0293
18.6500 0.0243
18.6600 0.0184
18.6700 0.0281
18.6800 0.0195
18.6900 0.0253
18.7000 0.0261
18.7100 0.0010
18.7200 -0.0115
18.7300 -0.0249
18.7400 -0.0233
18.7500 -0.0232
18.7600 0.0138
18.7700 0.0342
18.7800 0.0349
18.7900 0.0034
18.8000 0.0217
18.8100 0.0214
18.8200 -0.0053
18.8300 -0.0080
18.8400 -0.0364
18.8500 -0.0191
18.8600 -0.0338
18.8700 -0.0194
18.8800 -0.0337
18.8900 -0.0126
18.9000 -0.0125
18.9100 -0.0393
18.9200 -0.0530
18.9300 -0.0699
18.9400 -0.0528
18.9500 -0.0520
18.9600 -0.0551
18.9700 -0.0295
18.9800 -0.0333
18.9900 -0.0351
19.0000 -0.0258
19.0100 -0.0061
19.0200 -0.0085
19.0300 -0.0167
19.0400 -0.0136
19.0500 -0.0354
19.0600 -0.0266
19.0700 -0.0246
19.0800 -0.0276
19.0900 -0.0169
19.1000 -0.0301
19.1100 -0.0235
19.1200 -0.0306
19.1300 -0.0696
19.1400 -0.0331
19.1500 -0.0717
19.1600 -0.0449
19.1700 -0.0252
19.1800 -0.0344
19.1900 -0.0429
19.2000 -0.0380
19.2100 -0.0175
19.2200 -0.0451
19.2300 -0.0171
19.2400 -0.0284
19.2500 -0.0379
19.2600 -0.0295
19.2700 -0.0301
19.2800 -0.0097
19.2900 -0.0095
19.3000 -0.0319
19.3100 -0.0192
19.3200 -0.0216
19.3300 0.0014
19.3400 -0.0202
19.3500 0.0068
19.3600 -0.0119
19.3700 -0.0282
19.3800 -0.0298
19.3900 -0.0349
19.4000 -0.0410
19.4100 -0.0298
19.4200 -0.0442
19.4300 -0.0561
19.4400 -0.0418
19.4500 -0.0523
19.4600 -0.0349
19.4700 -0.0244
19.4800 -0.0123
19.4900 0.0208
19.5000 0.0045
19.5100 0.0027
19.5200 -0.0201
19.5300 -0.0124
19.5400 -0.0033
19.5500 -0.0105
19.5600 0.0108
19.5700 -0.0056
19.5800 0.0028
19.5900 -0.0006
19.6000 0.0057
19.6100 0.0000
19.6200 0.0064
19.6300 0.0105
19.6400 0.0094
19.6500 0.0221
19.6600 0.0209
19.6700 0.0189
19.6800 0.0175
19.6900 0.0307
19.7000 0.0240
19.7100 0.0238
19.7200 0.0249
19.7300 0.0341
19.7400 0.0034
19.7500 0.0197
19.7600 -0.0015
19.7700 0.0208
19.7800 0.0362
19.7900 0.0273
19.8000 0.0209
19.8100 0.0086
19.8200 0.0078
19.8300 0.0019
19.8400 -0.0040
19.8500 -0.0004
19.8600 0.0025
19.8700 -0.0073
19.8800 -0.0078
19.8900 -0.0094
19.9000 0.0119
19.9100 0.0211
19.9200 0.0244
19.9300 0.0327
19.9400 0.0239
19.9500 0.0238
19.9600 0.0221
19.9700 0.0205
19.9800 0.0198
19.9900 0.0447
